0.01 50.0 0.01
0.718555 0.951231 0.809628 0.000000 0.000000 0.000000 1.000000
0.651511 0.103698 0.819231 0.000000 0.000000 0.000000 1.000000
0.206705 0.678235 0.714285 0.000000 0.000000 0.000000 1.000000
0.282500 0.263827 0.543952 0.000000 0.000000 0.000000 1.000000
0.545135 0.591987 0.836070 0.000000 0.000000 0.000000 1.000000
0.913342 0.585947 0.532831 0.000000 0.000000 0.000000 1.000000
0.663290 0.064110 0.855935 0.000000 0.000000 0.000000 1.000000
0.962827 0.915824 0.482286 0.000000 0.000000 0.000000 1.000000
0.859170 0.860885 0.457510 0.000000 0.000000 0.000000 1.000000
0.439198 0.193262 0.014975 0.000000 0.000000 0.000000 1.000000
0.505192 0.549238 0.304560 0.000000 0.000000 0.000000 1.000000
0.402142 0.762661 0.632088 0.000000 0.000000 0.000000 1.000000
0.880248 0.034320 0.121405 0.000000 0.000000 0.000000 1.000000
0.484541 0.450103 0.351751 0.000000 0.000000 0.000000 1.000000
0.296264 0.816743 0.511322 0.000000 0.000000 0.000000 1.000000
0.503983 0.126873 0.288093 0.000000 0.000000 0.000000 1.000000
0.697685 0.927610 0.573247 0.000000 0.000000 0.000000 1.000000
0.781807 0.707213 0.273782 0.000000 0.000000 0.000000 1.000000
0.925670 0.883551 0.657330 0.000000 0.000000 0.000000 1.000000
0.710197 0.572175 0.261416 0.000000 0.000000 0.000000 1.000000
0.618290 0.121229 0.845725 0.000000 0.000000 0.000000 1.000000
0.916373 0.638332 0.320815 0.000000 0.000000 0.000000 1.000000
0.785902 0.332229 0.254848 0.000000 0.000000 0.000000 1.000000
0.253471 0.368277 0.402112 0.000000 0.000000 0.000000 1.000000
0.884375 0.396817 0.724439 0.000000 0.000000 0.000000 1.000000
0.612643 0.735507 0.741549 0.000000 0.000000 0.000000 1.000000
0.295058 0.997850 0.272851 0.000000 0.000000 0.000000 1.000000
0.531555 0.425633 0.127009 0.000000 0.000000 0.000000 1.000000
0.990673 0.250148 0.789142 0.000000 0.000000 0.000000 1.000000
0.495549 0.435200 0.579444 0.000000 0.000000 0.000000 1.000000
0.181968 0.120853 0.996980 0.000000 0.000000 0.000000 1.000000
0.163882 0.979458 0.979367 0.000000 0.000000 0.000000 1.000000
0.097627 0.587981 0.827920 0.000000 0.000000 0.000000 1.000000
0.068465 0.316425 0.207956 0.000000 0.000000 0.000000 1.000000
0.427958 0.412057 0.126370 0.000000 0.000000 0.000000 1.000000
0.982543 0.271320 0.409200 0.000000 0.000000 0.000000 1.000000
0.627427 0.897780 0.856456 0.000000 0.000000 0.000000 1.000000
0.519085 0.317208 0.667198 0.000000 0.000000 0.000000 1.000000
0.935638 0.458642 0.830947 0.000000 0.000000 0.000000 1.000000
0.880201 0.415359 0.211879 0.000000 0.000000 0.000000 1.000000
0.621430 0.577639 0.645238 0.000000 0.000000 0.000000 1.000000
0.189723 0.326188 0.361761 0.000000 0.000000 0.000000 1.000000
0.529713 0.426556 0.383584 0.000000 0.000000 0.000000 1.000000
0.990160 0.153914 0.145394 0.000000 0.000000 0.000000 1.000000
0.452732 0.898281 0.305609 0.000000 0.000000 0.000000 1.000000
0.356680 0.555780 0.014023 0.000000 0.000000 0.000000 1.000000
0.746749 0.976287 0.418324 0.000000 0.000000 0.000000 1.000000
0.361470 0.642552 0.006483 0.000000 0.000000 0.000000 1.000000
0.694353 0.682007 0.732564 0.000000 0.000000 0.000000 1.000000
0.165603 0.356823 0.189076 0.000000 0.000000 0.000000 1.000000
0.350006 0.699217 0.136268 0.000000 0.000000 0.000000 1.000000
0.184151 0.080435 0.737130 0.000000 0.000000 0.000000 1.000000
0.252412 0.487346 0.468333 0.000000 0.000000 0.000000 1.000000
0.102647 0.918797 0.807166 0.000000 0.000000 0.000000 1.000000
0.903303 0.003524 0.409417 0.000000 0.000000 0.000000 1.000000
0.410758 0.532608 0.432937 0.000000 0.000000 0.000000 1.000000
0.262128 0.073194 0.894891 0.000000 0.000000 0.000000 1.000000
0.948655 0.427815 0.976812 0.000000 0.000000 0.000000 1.000000
0.999289 0.154672 0.183584 0.000000 0.000000 0.000000 1.000000
0.264987 0.182760 0.012577 0.000000 0.000000 0.000000 1.000000
0.188498 0.051979 0.890224 0.000000 0.000000 0.000000 1.000000
0.624820 0.491460 0.428883 0.000000 0.000000 0.000000 1.000000
0.952185 0.531690 0.072241 0.000000 0.000000 0.000000 1.000000
0.419516 0.332767 0.557679 0.000000 0.000000 0.000000 1.000000
0.550889 0.340858 0.828651 0.000000 0.000000 0.000000 1.000000
0.081929 0.003834 0.627105 0.000000 0.000000 0.000000 1.000000
0.801368 0.579636 0.924664 0.000000 0.000000 0.000000 1.000000
0.373401 0.128940 0.876713 0.000000 0.000000 0.000000 1.000000
0.468908 0.983031 0.327941 0.000000 0.000000 0.000000 1.000000
0.761400 0.365009 0.211985 0.000000 0.000000 0.000000 1.000000
0.034509 0.147429 0.977972 0.000000 0.000000 0.000000 1.000000
0.976324 0.986464 0.603546 0.000000 0.000000 0.000000 1.000000
0.338933 0.713357 0.836085 0.000000 0.000000 0.000000 1.000000
0.023674 0.413857 0.793413 0.000000 0.000000 0.000000 1.000000
0.707348 0.902366 0.175679 0.000000 0.000000 0.000000 1.000000
0.710000 0.696048 0.578175 0.000000 0.000000 0.000000 1.000000
0.726010 0.698008 0.474353 0.000000 0.000000 0.000000 1.000000
0.047786 0.581057 0.321050 0.000000 0.000000 0.000000 1.000000
0.190567 0.041829 0.278994 0.000000 0.000000 0.000000 1.000000
0.931980 0.103290 0.963139 0.000000 0.000000 0.000000 1.000000
0.295144 0.330926 0.334314 0.000000 0.000000 0.000000 1.000000
0.705735 0.581955 0.323903 0.000000 0.000000 0.000000 1.000000
0.700481 0.535081 0.076287 0.000000 0.000000 0.000000 1.000000
0.192866 0.677582 0.042956 0.000000 0.000000 0.000000 1.000000
0.043460 0.994767 0.932820 0.000000 0.000000 0.000000 1.000000
0.372934 0.561655 0.185501 0.000000 0.000000 0.000000 1.000000
0.878237 0.568902 0.748207 0.000000 0.000000 0.000000 1.000000
0.043115 0.208070 0.249106 0.000000 0.000000 0.000000 1.000000
0.407651 0.103165 0.545189 0.000000 0.000000 0.000000 1.000000
0.257898 0.509623 0.146625 0.000000 0.000000 0.000000 1.000000
0.036279 0.289298 0.086990 0.000000 0.000000 0.000000 1.000000
0.753571 0.972010 0.951735 0.000000 0.000000 0.000000 1.000000
0.252238 0.316989 0.344479 0.000000 0.000000 0.000000 1.000000
0.710326 0.976500 0.617692 0.000000 0.000000 0.000000 1.000000
0.530387 0.914803 0.029806 0.000000 0.000000 0.000000 1.000000
0.672155 0.756614 0.575036 0.000000 0.000000 0.000000 1.000000
0.078047 0.840259 0.669386 0.000000 0.000000 0.000000 1.000000
0.418718 0.743210 0.716019 0.000000 0.000000 0.000000 1.000000
0.413278 0.947137 0.570726 0.000000 0.000000 0.000000 1.000000
0.266480 0.833960 0.398250 0.000000 0.000000 0.000000 1.000000
0.636626 0.868815 0.860701 0.000000 0.000000 0.000000 1.000000
0.158131 0.695244 0.829789 0.000000 0.000000 0.000000 1.000000
0.341664 0.320547 0.566054 0.000000 0.000000 0.000000 1.000000
0.433851 0.024437 0.548461 0.000000 0.000000 0.000000 1.000000
0.319348 0.475246 0.587820 0.000000 0.000000 0.000000 1.000000
0.054953 0.262560 0.472642 0.000000 0.000000 0.000000 1.000000
0.492801 0.012403 0.821942 0.000000 0.000000 0.000000 1.000000
0.100788 0.883234 0.507891 0.000000 0.000000 0.000000 1.000000
0.802630 0.491232 0.874981 0.000000 0.000000 0.000000 1.000000
0.205998 0.216492 0.372530 0.000000 0.000000 0.000000 1.000000
0.806606 0.606223 0.634665 0.000000 0.000000 0.000000 1.000000
0.425162 0.817567 0.349483 0.000000 0.000000 0.000000 1.000000
0.885237 0.069551 0.383824 0.000000 0.000000 0.000000 1.000000
0.935195 0.142806 0.803008 0.000000 0.000000 0.000000 1.000000
0.837593 0.001408 0.429064 0.000000 0.000000 0.000000 1.000000
0.232783 0.628060 0.249483 0.000000 0.000000 0.000000 1.000000
0.001857 0.802598 0.099134 0.000000 0.000000 0.000000 1.000000
0.419150 0.888276 0.658014 0.000000 0.000000 0.000000 1.000000
0.788615 0.507386 0.851840 0.000000 0.000000 0.000000 1.000000
0.319756 0.658104 0.634597 0.000000 0.000000 0.000000 1.000000
0.461910 0.107915 0.259281 0.000000 0.000000 0.000000 1.000000
0.974653 0.762721 0.235382 0.000000 0.000000 0.000000 1.000000
0.960703 0.604478 0.609451 0.000000 0.000000 0.000000 1.000000
0.760294 0.134214 0.459122 0.000000 0.000000 0.000000 1.000000
0.413606 0.723740 0.247864 0.000000 0.000000 0.000000 1.000000
0.075852 0.958986 0.989737 0.000000 0.000000 0.000000 1.000000
0.748710 0.682060 0.981486 0.000000 0.000000 0.000000 1.000000
0.774392 0.303041 0.390227 0.000000 0.000000 0.000000 1.000000
0.160645 0.047446 0.801190 0.000000 0.000000 0.000000 1.000000
0.806833 0.838131 0.328502 0.000000 0.000000 0.000000 1.000000
0.109342 0.058029 0.699859 0.000000 0.000000 0.000000 1.000000
0.202831 0.288345 0.579643 0.000000 0.000000 0.000000 1.000000
0.190852 0.486229 0.398422 0.000000 0.000000 0.000000 1.000000
0.467187 0.480773 0.005786 0.000000 0.000000 0.000000 1.000000
0.183134 0.286010 0.366685 0.000000 0.000000 0.000000 1.000000
0.642922 0.642666 0.167323 0.000000 0.000000 0.000000 1.000000
0.789788 0.319055 0.018499 0.000000 0.000000 0.000000 1.000000
0.690945 0.581579 0.025451 0.000000 0.000000 0.000000 1.000000
0.767268 0.593238 0.806727 0.000000 0.000000 0.000000 1.000000
0.809105 0.143930 0.019684 0.000000 0.000000 0.000000 1.000000
0.641511 0.655494 0.082726 0.000000 0.000000 0.000000 1.000000
0.771433 0.538238 0.036485 0.000000 0.000000 0.000000 1.000000
0.397851 0.848176 0.081099 0.000000 0.000000 0.000000 1.000000
0.782715 0.695350 0.605628 0.000000 0.000000 0.000000 1.000000
0.944671 0.099087 0.180807 0.000000 0.000000 0.000000 1.000000
0.338772 0.595237 0.432395 0.000000 0.000000 0.000000 1.000000
0.394214 0.369224 0.915151 0.000000 0.000000 0.000000 1.000000
0.186768 0.015354 0.973993 0.000000 0.000000 0.000000 1.000000
0.394097 0.752841 0.083084 0.000000 0.000000 0.000000 1.000000
0.512012 0.452873 0.075657 0.000000 0.000000 0.000000 1.000000
0.628084 0.309415 0.561927 0.000000 0.000000 0.000000 1.000000
0.013699 0.012952 0.885219 0.000000 0.000000 0.000000 1.000000
0.721346 0.454677 0.068801 0.000000 0.000000 0.000000 1.000000
0.272775 0.387529 0.838161 0.000000 0.000000 0.000000 1.000000
0.811632 0.433912 0.876083 0.000000 0.000000 0.000000 1.000000
0.234785 0.703443 0.329361 0.000000 0.000000 0.000000 1.000000
0.342330 0.153256 0.640477 0.000000 0.000000 0.000000 1.000000
0.464220 0.186369 0.516337 0.000000 0.000000 0.000000 1.000000
0.883483 0.513001 0.834043 0.000000 0.000000 0.000000 1.000000
0.033120 0.815990 0.729908 0.000000 0.000000 0.000000 1.000000
0.928547 0.377749 0.463740 0.000000 0.000000 0.000000 1.000000
0.718547 0.889136 0.104447 0.000000 0.000000 0.000000 1.000000
0.748646 0.947365 0.109981 0.000000 0.000000 0.000000 1.000000
0.766361 0.279612 0.264145 0.000000 0.000000 0.000000 1.000000
0.859922 0.864950 0.077802 0.000000 0.000000 0.000000 1.000000
0.102918 0.791785 0.836452 0.000000 0.000000 0.000000 1.000000
0.307524 0.855820 0.675631 0.000000 0.000000 0.000000 1.000000
0.044265 0.831230 0.971775 0.000000 0.000000 0.000000 1.000000
0.516113 0.746449 0.940382 0.000000 0.000000 0.000000 1.000000
0.436179 0.790995 0.272601 0.000000 0.000000 0.000000 1.000000
0.751619 0.321929 0.187703 0.000000 0.000000 0.000000 1.000000
0.552228 0.609216 0.204527 0.000000 0.000000 0.000000 1.000000
0.226243 0.602412 0.723939 0.000000 0.000000 0.000000 1.000000
0.728244 0.877343 0.937161 0.000000 0.000000 0.000000 1.000000
0.840245 0.397362 0.825519 0.000000 0.000000 0.000000 1.000000
0.987786 0.790892 0.322106 0.000000 0.000000 0.000000 1.000000
0.172175 0.450975 0.696837 0.000000 0.000000 0.000000 1.000000
0.525430 0.148085 0.308345 0.000000 0.000000 0.000000 1.000000
0.626142 0.347267 0.740510 0.000000 0.000000 0.000000 1.000000
0.963868 0.240579 0.241730 0.000000 0.000000 0.000000 1.000000
0.558510 0.997690 0.549310 0.000000 0.000000 0.000000 1.000000
0.448373 0.855007 0.985081 0.000000 0.000000 0.000000 1.000000
0.750366 0.123012 0.937281 0.000000 0.000000 0.000000 1.000000
0.016035 0.811776 0.881391 0.000000 0.000000 0.000000 1.000000
0.617516 0.130923 0.856737 0.000000 0.000000 0.000000 1.000000
0.670728 0.822949 0.963225 0.000000 0.000000 0.000000 1.000000
0.249759 0.853784 0.616734 0.000000 0.000000 0.000000 1.000000
0.114870 0.344955 0.105278 0.000000 0.000000 0.000000 1.000000
0.526118 0.118137 0.996818 0.000000 0.000000 0.000000 1.000000
0.402355 0.923655 0.861552 0.000000 0.000000 0.000000 1.000000
0.761703 0.569850 0.139910 0.000000 0.000000 0.000000 1.000000
0.032614 0.943819 0.778560 0.000000 0.000000 0.000000 1.000000
0.890594 0.507496 0.695230 0.000000 0.000000 0.000000 1.000000
0.230361 0.111269 0.815612 0.000000 0.000000 0.000000 1.000000
0.143807 0.193978 0.422085 0.000000 0.000000 0.000000 1.000000
0.451854 0.139315 0.588642 0.000000 0.000000 0.000000 1.000000
0.844764 0.576122 0.061537 0.000000 0.000000 0.000000 1.000000
0.579321 0.240690 0.139191 0.000000 0.000000 0.000000 1.000000
0.265269 0.215607 0.596856 0.000000 0.000000 0.000000 1.000000
0.831774 0.326443 0.679851 0.000000 0.000000 0.000000 1.000000
0.873646 0.374138 0.821896 0.000000 0.000000 0.000000 1.000000
0.054035 0.486863 0.390818 0.000000 0.000000 0.000000 1.000000
0.458027 0.333431 0.105364 0.000000 0.000000 0.000000 1.000000
0.263714 0.712828 0.716056 0.000000 0.000000 0.000000 1.000000
0.220830 0.628336 0.728319 0.000000 0.000000 0.000000 1.000000
0.421905 0.343935 0.841877 0.000000 0.000000 0.000000 1.000000
0.616412 0.645701 0.263800 0.000000 0.000000 0.000000 1.000000
0.934874 0.589207 0.768360 0.000000 0.000000 0.000000 1.000000
0.564038 0.020514 0.896661 0.000000 0.000000 0.000000 1.000000
0.013438 0.982044 0.727351 0.000000 0.000000 0.000000 1.000000
0.192330 0.853391 0.507056 0.000000 0.000000 0.000000 1.000000
0.256547 0.092265 0.417827 0.000000 0.000000 0.000000 1.000000
0.166149 0.739092 0.479842 0.000000 0.000000 0.000000 1.000000
0.899043 0.466838 0.229494 0.000000 0.000000 0.000000 1.000000
0.498257 0.077939 0.547667 0.000000 0.000000 0.000000 1.000000
0.101412 0.925115 0.817757 0.000000 0.000000 0.000000 1.000000
0.148666 0.876457 0.695057 0.000000 0.000000 0.000000 1.000000
0.910566 0.524137 0.675347 0.000000 0.000000 0.000000 1.000000
0.318270 0.516795 0.669446 0.000000 0.000000 0.000000 1.000000
0.404444 0.994379 0.095514 0.000000 0.000000 0.000000 1.000000
0.046066 0.074662 0.467352 0.000000 0.000000 0.000000 1.000000
0.564239 0.978749 0.180238 0.000000 0.000000 0.000000 1.000000
0.049801 0.868257 0.210991 0.000000 0.000000 0.000000 1.000000
0.111564 0.759600 0.834202 0.000000 0.000000 0.000000 1.000000
0.626873 0.077585 0.821891 0.000000 0.000000 0.000000 1.000000
0.718385 0.929555 0.199869 0.000000 0.000000 0.000000 1.000000
0.822136 0.608609 0.203792 0.000000 0.000000 0.000000 1.000000
0.000382 0.773046 0.502988 0.000000 0.000000 0.000000 1.000000
0.519934 0.899800 0.652193 0.000000 0.000000 0.000000 1.000000
0.194632 0.760910 0.945435 0.000000 0.000000 0.000000 1.000000
0.409618 0.315059 0.988060 0.000000 0.000000 0.000000 1.000000
0.451715 0.881183 0.183480 0.000000 0.000000 0.000000 1.000000
0.883787 0.707087 0.068510 0.000000 0.000000 0.000000 1.000000
0.106661 0.641813 0.432212 0.000000 0.000000 0.000000 1.000000
0.450275 0.378737 0.975798 0.000000 0.000000 0.000000 1.000000
0.924425 0.248629 0.347329 0.000000 0.000000 0.000000 1.000000
0.583657 0.950936 0.823213 0.000000 0.000000 0.000000 1.000000
0.426011 0.177646 0.963724 0.000000 0.000000 0.000000 1.000000
0.435301 0.196096 0.058943 0.000000 0.000000 0.000000 1.000000
0.425860 0.125560 0.173539 0.000000 0.000000 0.000000 1.000000
0.845724 0.859558 0.512730 0.000000 0.000000 0.000000 1.000000
0.557554 0.063786 0.719989 0.000000 0.000000 0.000000 1.000000
0.872028 0.568036 0.585104 0.000000 0.000000 0.000000 1.000000
0.643521 0.216861 0.254900 0.000000 0.000000 0.000000 1.000000
0.956956 0.821352 0.510112 0.000000 0.000000 0.000000 1.000000
0.277069 0.773528 0.094567 0.000000 0.000000 0.000000 1.000000
0.083593 0.699605 0.458053 0.000000 0.000000 0.000000 1.000000
0.537282 0.848567 0.741609 0.000000 0.000000 0.000000 1.000000
0.212670 0.881936 0.168966 0.000000 0.000000 0.000000 1.000000
0.794931 0.795475 0.638825 0.000000 0.000000 0.000000 1.000000
0.887575 0.477021 0.395153 0.000000 0.000000 0.000000 1.000000
0.445329 0.750320 0.190175 0.000000 0.000000 0.000000 1.000000
0.697419 0.771611 0.876694 0.000000 0.000000 0.000000 1.000000
0.577247 0.918836 0.408708 0.000000 0.000000 0.000000 1.000000
0.685605 0.556419 0.704922 0.000000 0.000000 0.000000 1.000000
0.233997 0.021611 0.246307 0.000000 0.000000 0.000000 1.000000
0.823678 0.279643 0.867245 0.000000 0.000000 0.000000 1.000000
0.869385 0.566414 0.927009 0.000000 0.000000 0.000000 1.000000
0.952102 0.831260 0.711370 0.000000 0.000000 0.000000 1.000000
0.180245 0.503420 0.666645 0.000000 0.000000 0.000000 1.000000
0.936913 0.904914 0.128104 0.000000 0.000000 0.000000 1.000000
0.056307 0.204922 0.520919 0.000000 0.000000 0.000000 1.000000
0.224637 0.751588 0.821246 0.000000 0.000000 0.000000 1.000000
0.949032 0.524023 0.810186 0.000000 0.000000 0.000000 1.000000
0.831155 0.396773 0.494023 0.000000 0.000000 0.000000 1.000000
0.031959 0.195922 0.916725 0.000000 0.000000 0.000000 1.000000
0.068781 0.564875 0.883458 0.000000 0.000000 0.000000 1.000000
0.230228 0.735727 0.048128 0.000000 0.000000 0.000000 1.000000
0.789709 0.990761 0.616733 0.000000 0.000000 0.000000 1.000000
0.116454 0.143129 0.289495 0.000000 0.000000 0.000000 1.000000
0.726885 0.425237 0.931924 0.000000 0.000000 0.000000 1.000000
0.715859 0.582419 0.117533 0.000000 0.000000 0.000000 1.000000
0.385374 0.441236 0.327496 0.000000 0.000000 0.000000 1.000000
0.526523 0.806874 0.041192 0.000000 0.000000 0.000000 1.000000
0.123436 0.244211 0.297925 0.000000 0.000000 0.000000 1.000000
0.965220 0.231752 0.382634 0.000000 0.000000 0.000000 1.000000
0.981678 0.588558 0.179479 0.000000 0.000000 0.000000 1.000000
0.412650 0.670483 0.716764 0.000000 0.000000 0.000000 1.000000
0.888978 0.024319 0.864418 0.000000 0.000000 0.000000 1.000000
0.991966 0.829892 0.993534 0.000000 0.000000 0.000000 1.000000
0.292745 0.231143 0.679529 0.000000 0.000000 0.000000 1.000000
0.346641 0.600158 0.358214 0.000000 0.000000 0.000000 1.000000
0.179831 0.058154 0.574644 0.000000 0.000000 0.000000 1.000000
0.727274 0.360513 0.884178 0.000000 0.000000 0.000000 1.000000
0.204800 0.920275 0.448973 0.000000 0.000000 0.000000 1.000000
0.503306 0.243786 0.832726 0.000000 0.000000 0.000000 1.000000
0.991470 0.177953 0.784875 0.000000 0.000000 0.000000 1.000000
0.891704 0.880563 0.141614 0.000000 0.000000 0.000000 1.000000
0.107210 0.927912 0.780793 0.000000 0.000000 0.000000 1.000000
0.264925 0.653883 0.023179 0.000000 0.000000 0.000000 1.000000
0.963415 0.282958 0.648411 0.000000 0.000000 0.000000 1.000000
0.871066 0.935307 0.790258 0.000000 0.000000 0.000000 1.000000
0.758769 0.190725 0.167271 0.000000 0.000000 0.000000 1.000000
0.567192 0.279740 0.446822 0.000000 0.000000 0.000000 1.000000
0.279303 0.104039 0.029599 0.000000 0.000000 0.000000 1.000000
0.313578 0.327770 0.713147 0.000000 0.000000 0.000000 1.000000
0.544651 0.961728 0.587179 0.000000 0.000000 0.000000 1.000000
0.188927 0.330150 0.504707 0.000000 0.000000 0.000000 1.000000
0.743221 0.412471 0.562241 0.000000 0.000000 0.000000 1.000000
0.510663 0.722958 0.500596 0.000000 0.000000 0.000000 1.000000
0.481209 0.565719 0.360618 0.000000 0.000000 0.000000 1.000000
0.356371 0.851908 0.990535 0.000000 0.000000 0.000000 1.000000
0.069069 0.335915 0.553363 0.000000 0.000000 0.000000 1.000000
0.264415 0.013916 0.537233 0.000000 0.000000 0.000000 1.000000
0.272547 0.688994 0.214028 0.000000 0.000000 0.000000 1.000000
0.352088 0.468709 0.885648 0.000000 0.000000 0.000000 1.000000
0.482134 0.387416 0.824030 0.000000 0.000000 0.000000 1.000000
0.421748 0.506261 0.537806 0.000000 0.000000 0.000000 1.000000
0.402053 0.213409 0.829162 0.000000 0.000000 0.000000 1.000000
0.104095 0.276998 0.910406 0.000000 0.000000 0.000000 1.000000
0.557707 0.874838 0.362734 0.000000 0.000000 0.000000 1.000000
0.089248 0.352705 0.811269 0.000000 0.000000 0.000000 1.000000
0.535173 0.157527 0.582277 0.000000 0.000000 0.000000 1.000000
0.635849 0.909331 0.417576 0.000000 0.000000 0.000000 1.000000
0.190028 0.288965 0.413355 0.000000 0.000000 0.000000 1.000000
0.759439 0.979268 0.470145 0.000000 0.000000 0.000000 1.000000
0.187181 0.570996 0.761571 0.000000 0.000000 0.000000 1.000000
0.025685 0.239539 0.005232 0.000000 0.000000 0.000000 1.000000
0.552579 0.373599 0.971420 0.000000 0.000000 0.000000 1.000000
0.765746 0.292046 0.581804 0.000000 0.000000 0.000000 1.000000
0.605238 0.602629 0.571567 0.000000 0.000000 0.000000 1.000000
0.311073 0.289027 0.291899 0.000000 0.000000 0.000000 1.000000
0.051071 0.411377 0.397415 0.000000 0.000000 0.000000 1.000000
0.558252 0.726800 0.411921 0.000000 0.000000 0.000000 1.000000
0.454581 0.141514 0.014768 0.000000 0.000000 0.000000 1.000000
0.239476 0.679427 0.901040 0.000000 0.000000 0.000000 1.000000
0.272597 0.842181 0.230660 0.000000 0.000000 0.000000 1.000000
0.753598 0.781825 0.333955 0.000000 0.000000 0.000000 1.000000
0.272346 0.718121 0.536845 0.000000 0.000000 0.000000 1.000000
0.145262 0.967306 0.148419 0.000000 0.000000 0.000000 1.000000
0.322358 0.529152 0.189624 0.000000 0.000000 0.000000 1.000000
0.078935 0.520905 0.857154 0.000000 0.000000 0.000000 1.000000
0.785723 0.056995 0.491449 0.000000 0.000000 0.000000 1.000000
0.211891 0.870469 0.588662 0.000000 0.000000 0.000000 1.000000
0.476721 0.154449 0.751520 0.000000 0.000000 0.000000 1.000000
0.527454 0.209475 0.356855 0.000000 0.000000 0.000000 1.000000
0.666315 0.871424 0.236716 0.000000 0.000000 0.000000 1.000000
0.005776 0.407394 0.393708 0.000000 0.000000 0.000000 1.000000
0.903722 0.933237 0.386857 0.000000 0.000000 0.000000 1.000000
0.237844 0.260875 0.488064 0.000000 0.000000 0.000000 1.000000
0.268586 0.498199 0.395543 0.000000 0.000000 0.000000 1.000000
0.198482 0.868187 0.836382 0.000000 0.000000 0.000000 1.000000
0.649869 0.342803 0.625818 0.000000 0.000000 0.000000 1.000000
0.377407 0.939918 0.610564 0.000000 0.000000 0.000000 1.000000
0.505956 0.452519 0.817810 0.000000 0.000000 0.000000 1.000000
0.809531 0.132999 0.462725 0.000000 0.000000 0.000000 1.000000
0.721548 0.482172 0.915997 0.000000 0.000000 0.000000 1.000000
0.992607 0.080480 0.430857 0.000000 0.000000 0.000000 1.000000
0.094722 0.608828 0.685832 0.000000 0.000000 0.000000 1.000000
0.846788 0.585594 0.260359 0.000000 0.000000 0.000000 1.000000
0.524628 0.866313 0.876057 0.000000 0.000000 0.000000 1.000000
0.988544 0.031247 0.030675 0.000000 0.000000 0.000000 1.000000
0.068565 0.327051 0.915093 0.000000 0.000000 0.000000 1.000000
0.511816 0.578698 0.945417 0.000000 0.000000 0.000000 1.000000
0.470848 0.263483 0.907270 0.000000 0.000000 0.000000 1.000000
0.283948 0.557933 0.657232 0.000000 0.000000 0.000000 1.000000
0.591429 0.541317 0.386322 0.000000 0.000000 0.000000 1.000000
0.152002 0.382191 0.232632 0.000000 0.000000 0.000000 1.000000
0.932474 0.756919 0.645105 0.000000 0.000000 0.000000 1.000000
0.246031 0.846186 0.750741 0.000000 0.000000 0.000000 1.000000
0.671636 0.696306 0.341484 0.000000 0.000000 0.000000 1.000000
0.238595 0.500004 0.626369 0.000000 0.000000 0.000000 1.000000
0.861581 0.926762 0.097217 0.000000 0.000000 0.000000 1.000000
0.879635 0.602168 0.341025 0.000000 0.000000 0.000000 1.000000
0.531293 0.947008 0.779751 0.000000 0.000000 0.000000 1.000000
0.292635 0.767854 0.331480 0.000000 0.000000 0.000000 1.000000
0.600934 0.533492 0.988287 0.000000 0.000000 0.000000 1.000000
0.223512 0.541710 0.590459 0.000000 0.000000 0.000000 1.000000
0.725358 0.104284 0.420501 0.000000 0.000000 0.000000 1.000000
0.002785 0.836079 0.533297 0.000000 0.000000 0.000000 1.000000
0.801392 0.198235 0.542173 0.000000 0.000000 0.000000 1.000000
0.667180 0.646561 0.580813 0.000000 0.000000 0.000000 1.000000
0.343573 0.668073 0.060434 0.000000 0.000000 0.000000 1.000000
0.116108 0.599463 0.860425 0.000000 0.000000 0.000000 1.000000
0.590956 0.671226 0.310212 0.000000 0.000000 0.000000 1.000000
0.259389 0.514516 0.288664 0.000000 0.000000 0.000000 1.000000
0.459726 0.387759 0.790029 0.000000 0.000000 0.000000 1.000000
0.425261 0.360674 0.656191 0.000000 0.000000 0.000000 1.000000
0.444857 0.042212 0.658276 0.000000 0.000000 0.000000 1.000000
0.565562 0.983086 0.007113 0.000000 0.000000 0.000000 1.000000
0.299847 0.053610 0.506506 0.000000 0.000000 0.000000 1.000000
0.126486 0.329447 0.236558 0.000000 0.000000 0.000000 1.000000
0.436710 0.182634 0.803257 0.000000 0.000000 0.000000 1.000000
0.473840 0.586815 0.904113 0.000000 0.000000 0.000000 1.000000
0.083703 0.303517 0.186523 0.000000 0.000000 0.000000 1.000000
0.352087 0.478829 0.316143 0.000000 0.000000 0.000000 1.000000
0.267667 0.600479 0.658990 0.000000 0.000000 0.000000 1.000000
0.394097 0.160238 0.096995 0.000000 0.000000 0.000000 1.000000
0.917255 0.884117 0.162101 0.000000 0.000000 0.000000 1.000000
0.854179 0.022465 0.334671 0.000000 0.000000 0.000000 1.000000
0.926283 0.188500 0.042301 0.000000 0.000000 0.000000 1.000000
0.483938 0.300125 0.792740 0.000000 0.000000 0.000000 1.000000
0.963378 0.552138 0.691605 0.000000 0.000000 0.000000 1.000000
0.718072 0.402189 0.141941 0.000000 0.000000 0.000000 1.000000
0.283448 0.648649 0.459290 0.000000 0.000000 0.000000 1.000000
0.553991 0.159233 0.727602 0.000000 0.000000 0.000000 1.000000
0.296195 0.818461 0.086032 0.000000 0.000000 0.000000 1.000000
0.169555 0.378697 0.488376 0.000000 0.000000 0.000000 1.000000
0.474295 0.862819 0.046921 0.000000 0.000000 0.000000 1.000000
0.010188 0.246196 0.932661 0.000000 0.000000 0.000000 1.000000
0.610561 0.492896 0.605499 0.000000 0.000000 0.000000 1.000000
0.979634 0.126928 0.695678 0.000000 0.000000 0.000000 1.000000
0.507770 0.166417 0.426880 0.000000 0.000000 0.000000 1.000000
0.813791 0.021883 0.620795 0.000000 0.000000 0.000000 1.000000
0.257831 0.122917 0.842688 0.000000 0.000000 0.000000 1.000000
0.010775 0.872233 0.844572 0.000000 0.000000 0.000000 1.000000
0.640476 0.813789 0.634825 0.000000 0.000000 0.000000 1.000000
0.181663 0.802385 0.557095 0.000000 0.000000 0.000000 1.000000
0.763170 0.863143 0.882647 0.000000 0.000000 0.000000 1.000000
0.344066 0.898567 0.255418 0.000000 0.000000 0.000000 1.000000
0.643212 0.670630 0.894889 0.000000 0.000000 0.000000 1.000000
0.619351 0.837573 0.171936 0.000000 0.000000 0.000000 1.000000
0.433917 0.578433 0.503833 0.000000 0.000000 0.000000 1.000000
0.178557 0.993881 0.758003 0.000000 0.000000 0.000000 1.000000
0.360428 0.363632 0.666581 0.000000 0.000000 0.000000 1.000000
0.038082 0.684303 0.306737 0.000000 0.000000 0.000000 1.000000
0.818187 0.554018 0.480824 0.000000 0.000000 0.000000 1.000000
0.977737 0.548269 0.960812 0.000000 0.000000 0.000000 1.000000
0.427640 0.852752 0.549569 0.000000 0.000000 0.000000 1.000000
0.690320 0.234385 0.071552 0.000000 0.000000 0.000000 1.000000
0.030979 0.737420 0.943170 0.000000 0.000000 0.000000 1.000000
0.531928 0.006100 0.218506 0.000000 0.000000 0.000000 1.000000
0.260091 0.136941 0.464676 0.000000 0.000000 0.000000 1.000000
0.164736 0.239846 0.031400 0.000000 0.000000 0.000000 1.000000
0.256373 0.375072 0.629941 0.000000 0.000000 0.000000 1.000000
0.792159 0.200981 0.040159 0.000000 0.000000 0.000000 1.000000
0.830911 0.775086 0.669090 0.000000 0.000000 0.000000 1.000000
0.845332 0.912699 0.012327 0.000000 0.000000 0.000000 1.000000
0.218854 0.787232 0.390697 0.000000 0.000000 0.000000 1.000000
0.594850 0.162925 0.978742 0.000000 0.000000 0.000000 1.000000
0.034408 0.344339 0.572791 0.000000 0.000000 0.000000 1.000000
0.948158 0.735622 0.772757 0.000000 0.000000 0.000000 1.000000
0.542109 0.073754 0.981934 0.000000 0.000000 0.000000 1.000000
0.702067 0.757175 0.428061 0.000000 0.000000 0.000000 1.000000
0.075751 0.556711 0.609722 0.000000 0.000000 0.000000 1.000000
0.509181 0.795763 0.098133 0.000000 0.000000 0.000000 1.000000
0.526902 0.020565 0.922748 0.000000 0.000000 0.000000 1.000000
0.744533 0.608822 0.961580 0.000000 0.000000 0.000000 1.000000
0.164188 0.999512 0.346328 0.000000 0.000000 0.000000 1.000000
0.638622 0.427602 0.426276 0.000000 0.000000 0.000000 1.000000
0.365569 0.309965 0.089820 0.000000 0.000000 0.000000 1.000000
0.271369 0.655396 0.907507 0.000000 0.000000 0.000000 1.000000
0.129674 0.331285 0.822132 0.000000 0.000000 0.000000 1.000000
0.757799 0.784274 0.124316 0.000000 0.000000 0.000000 1.000000
0.898953 0.029819 0.091396 0.000000 0.000000 0.000000 1.000000
0.143239 0.834660 0.422002 0.000000 0.000000 0.000000 1.000000
0.806400 0.988284 0.957145 0.000000 0.000000 0.000000 1.000000
0.707946 0.589501 0.832423 0.000000 0.000000 0.000000 1.000000
0.967190 0.378402 0.650218 0.000000 0.000000 0.000000 1.000000
0.494097 0.905085 0.725941 0.000000 0.000000 0.000000 1.000000
0.384142 0.805722 0.008048 0.000000 0.000000 0.000000 1.000000
0.610724 0.900910 0.911600 0.000000 0.000000 0.000000 1.000000
0.532517 0.536140 0.618546 0.000000 0.000000 0.000000 1.000000
0.311839 0.965368 0.364349 0.000000 0.000000 0.000000 1.000000
0.150030 0.103755 0.043794 0.000000 0.000000 0.000000 1.000000
0.924099 0.994370 0.085863 0.000000 0.000000 0.000000 1.000000
0.687083 0.962658 0.305971 0.000000 0.000000 0.000000 1.000000
0.345803 0.566950 0.913488 0.000000 0.000000 0.000000 1.000000
0.370666 0.525814 0.280233 0.000000 0.000000 0.000000 1.000000
0.244619 0.066259 0.698412 0.000000 0.000000 0.000000 1.000000
0.352926 0.930985 0.060550 0.000000 0.000000 0.000000 1.000000
0.761596 0.951825 0.239074 0.000000 0.000000 0.000000 1.000000
0.980768 0.601867 0.308958 0.000000 0.000000 0.000000 1.000000
0.010641 0.567533 0.061296 0.000000 0.000000 0.000000 1.000000
0.423143 0.685387 0.265726 0.000000 0.000000 0.000000 1.000000
0.007409 0.621426 0.015867 0.000000 0.000000 0.000000 1.000000
0.099478 0.722958 0.064943 0.000000 0.000000 0.000000 1.000000
0.719421 0.827537 0.960546 0.000000 0.000000 0.000000 1.000000
0.553919 0.050452 0.332201 0.000000 0.000000 0.000000 1.000000
0.556993 0.597968 0.639614 0.000000 0.000000 0.000000 1.000000
0.271251 0.871681 0.063468 0.000000 0.000000 0.000000 1.000000
0.467613 0.297713 0.743774 0.000000 0.000000 0.000000 1.000000
0.141480 0.305883 0.705268 0.000000 0.000000 0.000000 1.000000
0.077899 0.582558 0.127349 0.000000 0.000000 0.000000 1.000000
0.544320 0.562618 0.014169 0.000000 0.000000 0.000000 1.000000
0.308804 0.304484 0.739754 0.000000 0.000000 0.000000 1.000000
0.911788 0.743832 0.182909 0.000000 0.000000 0.000000 1.000000
0.967245 0.895965 0.167448 0.000000 0.000000 0.000000 1.000000
0.366256 0.398630 0.163609 0.000000 0.000000 0.000000 1.000000
0.105547 0.073928 0.985554 0.000000 0.000000 0.000000 1.000000
0.892218 0.646764 0.171296 0.000000 0.000000 0.000000 1.000000
0.656795 0.118210 0.109115 0.000000 0.000000 0.000000 1.000000
0.973316 0.106792 0.113498 0.000000 0.000000 0.000000 1.000000
0.423585 0.519824 0.951528 0.000000 0.000000 0.000000 1.000000
0.727344 0.458586 0.082258 0.000000 0.000000 0.000000 1.000000
0.149947 0.134136 0.635772 0.000000 0.000000 0.000000 1.000000
0.856350 0.183913 0.489743 0.000000 0.000000 0.000000 1.000000
0.080549 0.457222 0.085065 0.000000 0.000000 0.000000 1.000000
0.829741 0.155003 0.098996 0.000000 0.000000 0.000000 1.000000
0.462136 0.245827 0.465800 0.000000 0.000000 0.000000 1.000000
0.389715 0.236623 0.153052 0.000000 0.000000 0.000000 1.000000
0.265684 0.594979 0.108340 0.000000 0.000000 0.000000 1.000000
0.395096 0.212801 0.513442 0.000000 0.000000 0.000000 1.000000
0.076555 0.448655 0.234359 0.000000 0.000000 0.000000 1.000000
0.758219 0.584261 0.121070 0.000000 0.000000 0.000000 1.000000
0.224778 0.219709 0.513540 0.000000 0.000000 0.000000 1.000000
0.156123 0.326678 0.162813 0.000000 0.000000 0.000000 1.000000
0.161060 0.320670 0.429756 0.000000 0.000000 0.000000 1.000000
0.736714 0.080845 0.425670 0.000000 0.000000 0.000000 1.000000
0.243699 0.703883 0.903712 0.000000 0.000000 0.000000 1.000000
0.070928 0.032618 0.838423 0.000000 0.000000 0.000000 1.000000
0.198637 0.570739 0.062721 0.000000 0.000000 0.000000 1.000000
0.845455 0.181975 0.641691 0.000000 0.000000 0.000000 1.000000
0.604583 0.739457 0.023909 0.000000 0.000000 0.000000 1.000000
0.902367 0.117507 0.717990 0.000000 0.000000 0.000000 1.000000
0.408245 0.617264 0.171381 0.000000 0.000000 0.000000 1.000000
0.998590 0.441304 0.271423 0.000000 0.000000 0.000000 1.000000
0.045645 0.071899 0.480981 0.000000 0.000000 0.000000 1.000000
0.444524 0.730053 0.977864 0.000000 0.000000 0.000000 1.000000
0.428824 0.129869 0.845812 0.000000 0.000000 0.000000 1.000000
0.317556 0.506515 0.389359 0.000000 0.000000 0.000000 1.000000
0.107557 0.223856 0.325573 0.000000 0.000000 0.000000 1.000000
