0.01 100.0 0.01
-2.000000 -2.000000 -2.000000 -0.057735 -0.057735 -0.057735 0.857418
0.000000 -2.000000 -2.000000 0.000000 -0.070711 -0.070711 4.105746
2.000000 -2.000000 -2.000000 0.057735 -0.057735 -0.057735 0.286094
-2.000000 0.000000 -2.000000 -0.070711 0.000000 -0.070711 3.526703
0.000000 0.000000 -2.000000 0.000000 0.000000 -0.100000 1.690782
2.000000 0.000000 -2.000000 0.070711 0.000000 -0.070711 4.271687
-2.000000 2.000000 -2.000000 -0.057735 0.057735 -0.057735 3.105585
0.000000 2.000000 -2.000000 0.000000 0.070711 -0.070711 3.439386
2.000000 2.000000 -2.000000 0.057735 0.057735 -0.057735 4.977009
-2.000000 -2.000000 0.000000 -0.070711 -0.070711 0.000000 0.629858
0.000000 -2.000000 0.000000 0.000000 -0.100000 0.000000 3.420387
2.000000 -2.000000 0.000000 0.070711 -0.070711 0.000000 0.175147
-2.000000 0.000000 0.000000 -0.100000 0.000000 0.000000 3.217314
0.000000 0.000000 0.000000 0.000000 0.000000 0.000000 0.324136
2.000000 0.000000 0.000000 0.100000 0.000000 0.000000 1.185852
-2.000000 2.000000 0.000000 -0.070711 0.070711 0.000000 4.875280
0.000000 2.000000 0.000000 0.000000 0.100000 0.000000 3.475558
2.000000 2.000000 0.000000 0.070711 0.070711 0.000000 4.482544
-2.000000 -2.000000 2.000000 -0.057735 -0.057735 0.057735 2.450500
0.000000 -2.000000 2.000000 0.000000 -0.070711 0.070711 3.228033
2.000000 -2.000000 2.000000 0.057735 -0.057735 0.057735 0.954733
-2.000000 0.000000 2.000000 -0.070711 0.000000 0.070711 4.436702
0.000000 0.000000 2.000000 0.000000 0.000000 0.100000 0.219436
2.000000 0.000000 2.000000 0.070711 0.000000 0.070711 4.107710
-2.000000 2.000000 2.000000 -0.057735 0.057735 0.057735 2.068575
0.000000 2.000000 2.000000 0.000000 0.070711 0.070711 1.971196
2.000000 2.000000 2.000000 0.057735 0.057735 0.057735 4.680667
